饮品/甜点:1	19	111	150	165	188	209	227	259	280	284	370	402	428	432	466	501	547	585	629	635	638	639	686	704	723	725	760	765	770	813	862	881	902	907	920	923	984	1009	1040	1089	1100	1164	1258	1274	1278	1290	1301	1318	1323	1398	1444	1581	1621	1635	1658	1667	1668	1691	1694	1725	1760	1868	1877	1945	1952	1960	
nan:
奶茶:3	34	42	52	75	107	135	144	176	194	215	235	244	254	295	316	374	390	394	410	423	512	572	582	594	595	617	656	663	717	732	748	751	752	759	779	796	800	801	831	847	910	913	994	1054	1055	1056	1107	1143	1182	1184	1188	1193	1203	1221	1241	1243	1265	1288	1298	1351	1370	1380	1416	1472	1473	1478	1481	1529	1558	1571	1589	1619	1645	1681	1697	1705	1729	1755	1769	1786	1787	1813	1828	1860	1861	1887	1892	1971	1974	1987	1993	
生鲜水果:5	8	39	81	97	99	123	131	158	174	202	213	219	242	264	275	297	300	324	334	340	381	382	422	444	455	474	478	485	487	498	507	514	525	532	555	558	599	607	632	646	654	660	718	754	829	841	859	863	870	931	965	983	996	1015	1016	1032	1050	1051	1059	1067	1071	1083	1086	1130	1147	1155	1169	1177	1198	1201	1205	1251	1260	1321	1369	1405	1439	1457	1463	1502	1507	1510	1519	1549	1550	1563	1565	1569	1590	1601	1608	1609	1631	1640	1693	1754	1799	1803	1842	1866	1878	1896	1902	1918	1927	1935	1949	1958	1965	1981	
面包:6	22	50	60	71	76	84	90	136	137	197	221	233	237	241	248	272	351	388	397	407	461	493	506	518	549	551	569	597	677	764	772	942	1030	1036	1060	1088	1127	1145	1152	1180	1213	1262	1317	1342	1375	1378	1386	1399	1431	1467	1491	1494	1523	1526	1531	1532	1555	1644	1652	1684	1713	1749	1895	1904	1909	1917	1923	1941	1978	1994	
西式快餐:7	17	25	28	30	37	41	43	55	56	57	62	83	85	88	100	104	105	108	114	119	125	127	132	139	145	151	155	157	159	171	177	181	182	183	186	187	190	191	192	193	196	200	204	211	217	229	239	240	252	258	260	261	266	273	278	279	281	287	303	304	305	307	315	320	323	325	332	337	341	343	344	345	347	356	358	359	365	369	373	376	380	385	386	387	391	395	398	399	404	417	418	419	429	431	436	442	456	458	462	464	468	472	480	482	499	502	511	519	521	526	531	537	539	546	548	563	564	565	566	568	570	573	576	583	589	591	596	610	615	622	628	657	664	666	668	670	675	676	681	684	692	697	702	708	710	715	724	729	734	737	740	744	746	750	753	767	769	771	773	775	781	782	784	786	789	791	797	807	808	826	830	840	842	848	850	853	877	890	891	893	897	909	911	916	926	929	961	972	975	980	990	999	1023	1033	1034	1035	1037	1043	1049	1061	1062	1066	1077	1079	1084	1085	1092	1094	1097	1101	1102	1109	1112	1117	1120	1121	1125	1126	1129	1134	1135	1139	1149	1151	1153	1161	1165	1166	1171	1173	1181	1187	1190	1195	1197	1202	1207	1208	1210	1211	1217	1219	1224	1233	1234	1237	1244	1255	1273	1275	1277	1281	1284	1292	1294	1297	1299	1312	1313	1314	1315	1324	1330	1332	1335	1339	1347	1348	1350	1352	1355	1356	1359	1362	1365	1367	1374	1377	1388	1389	1393	1395	1401	1410	1411	1412	1421	1424	1428	1432	1435	1438	1449	1450	1452	1453	1459	1461	1469	1471	1474	1475	1477	1479	1483	1485	1489	1509	1513	1517	1524	1527	1530	1537	1540	1541	1542	1552	1553	1557	1560	1564	1567	1568	1574	1576	1577	1582	1583	1586	1588	1592	1593	1594	1602	1607	1618	1623	1624	1627	1643	1646	1647	1649	1651	1660	1662	1682	1689	1690	1704	1712	1723	1735	1736	1744	1745	1748	1750	1758	1763	1775	1776	1779	1784	1790	1791	1800	1804	1805	1807	1809	1812	1817	1820	1829	1830	1837	1844	1853	1859	1871	1874	1876	1882	1884	1885	1898	1903	1912	1919	1924	1928	1934	1936	1940	1942	1951	1955	1972	1985	1986	1989	1990	
其它小吃:11	16	103	126	134	149	161	167	201	210	246	262	317	342	353	355	375	411	426	470	476	496	497	509	516	524	543	544	560	640	642	644	658	778	803	804	849	858	912	922	943	948	954	964	993	1010	1074	1078	1118	1128	1157	1175	1252	1272	1286	1300	1305	1345	1383	1400	1402	1407	1427	1464	1486	1487	1512	1514	1546	1559	1599	1603	1630	1656	1664	1671	1672	1674	1703	1737	1739	1772	1840	1865	1873	1966	1976	
东北菜:12	1159	1897	
中式快餐:13	14	26	27	51	78	79	87	93	98	115	118	121	133	143	179	198	225	226	234	236	238	249	251	255	265	267	269	270	274	285	289	299	302	306	309	311	312	313	321	331	335	361	362	368	378	383	389	406	413	437	447	469	473	495	503	529	530	542	557	559	571	575	604	614	621	623	633	651	659	667	674	689	694	699	701	703	706	711	713	716	761	777	783	788	794	798	810	812	824	828	867	871	872	873	884	886	892	895	898	914	921	924	925	928	932	935	945	963	977	982	992	1012	1014	1019	1027	1047	1057	1068	1075	1091	1096	1098	1106	1115	1131	1154	1178	1185	1216	1222	1225	1235	1240	1242	1247	1249	1259	1276	1282	1285	1308	1319	1338	1341	1353	1354	1371	1372	1390	1391	1408	1409	1413	1419	1429	1430	1434	1437	1458	1462	1492	1493	1503	1521	1533	1548	1551	1556	1561	1591	1597	1600	1620	1636	1637	1655	1659	1678	1679	1683	1685	1688	1698	1699	1701	1714	1719	1727	1731	1746	1762	1771	1777	1781	1789	1795	1798	1814	1819	1822	1825	1831	1841	1846	1851	1857	1858	1870	1889	1891	1899	1915	1930	1931	1977	1982	1984	1996	1997	
麻辣烫/串串香:18	223	443	550	707	930	1008	1280	1404	
粥:20	987	1788	
蛋糕:21	70	205	216	328	333	620	672	700	726	738	742	756	817	861	876	883	903	933	1162	1293	1295	1309	1325	1343	1349	1363	1387	1572	1587	1610	1638	1765	1797	1880	1913	1943	1969	1975	
西餐:24	128	195	288	416	705	802	822	844	852	855	887	1082	1172	1311	1639	1730	1761	1801	
米粉/米线:29	308	669	735	868	949	997	1119	1141	1179	1230	1443	1448	1641	1856	
川味/重庆火锅:44	451	799	885	1108	1322	1539	1670	1677	1823	1883	1911	1953	
川菜:45	207	220	403	837	927	981	1000	1044	1291	1376	1456	1756	
面点:61	67	95	96	138	319	327	415	477	513	527	552	586	636	662	709	722	745	790	879	888	918	951	953	960	966	967	989	1005	1029	1065	1110	1114	1138	1163	1504	1525	1554	1585	1596	1700	1707	1716	1724	1742	1808	1827	1863	1998	2000	
冰激凌:64	449	490	534	538	1002	1058	1124	1270	1862	
其它快餐:74	122	271	291	453	523	579	600	1246	1261	1384	1442	1964	1979	
咖啡厅:77	339	
粤菜:82	206	318	379	384	616	795	811	1209	1364	1720	1926	
其它烘焙糕点:94	835	937	939	944	952	1433	1480	1511	1642	1732	1983	
中式烧烤:101	250	421	500	619	727	818	936	
江浙菜:117	212	214	286	364	439	522	665	969	1001	1087	1460	1628	
零食:152	154	222	245	401	484	545	768	833	882	959	962	1103	1287	1307	1451	1562	1604	1792	1810	1824	1959	
砂锅/煲类/炖菜:164	294	1140	1633	
日韩料理:166	330	427	457	574	834	904	919	1223	1316	1331	1337	1747	1796	1968	
西北菜:169	277	412	425	695	1099	
其它地方菜:184	460	562	1003	1031	1073	1142	1189	1320	1328	1340	1418	1447	1547	1578	1579	1595	1606	1654	1721	
其它休闲食品:185	366	593	612	648	721	733	956	1004	1026	1076	1122	1333	1733	1818	1962	
海鲜:253	283	1867	
咖啡:314	1470	1650	1675	1816	1835	
其它火锅:326	336	661	857	958	1192	1715	1881	1893	1933	1938	
其他餐饮美食:396	445	1093	1366	1392	1422	1454	
湖北菜:434	1908	
自助餐:459	554	1626	
美食特产:471	
香锅/烤鱼:588	
台湾菜:680	1289	
闽菜:683	
湘菜:693	
熟食:763	974	1105	1718	
其它烧烤:819	
上海本帮菜:1214	
